   0.0000000000000000       0.91104335791442992       0.36055512754639885        1.2369316876852983        0.0000000000000000        0.0000000000000000        1.8814887722226779        2.2226110770892871        0.0000000000000000        0.0000000000000000        0.0000000000000000        1.6911534525287764        0.0000000000000000        0.0000000000000000        0.0000000000000000        0.0000000000000000     
   0.0000000000000000        0.0000000000000000        0.0000000000000000        0.0000000000000000        2.4041630560342617        0.0000000000000000        0.0000000000000000        0.0000000000000000        1.5297058540778354        1.5684387141358123        0.0000000000000000        0.0000000000000000        2.7568097504180447        2.4494897427831783        2.1954498400100149        0.0000000000000000     
   0.0000000000000000        1.8788294228055935        1.1357816691600546        1.9874606914351791        0.0000000000000000        0.0000000000000000        2.1540659228538019        2.7386127875258306        0.0000000000000000        0.0000000000000000        0.0000000000000000        2.4454038521274968        0.0000000000000000        0.0000000000000000        0.0000000000000000        0.0000000000000000     
 wf =    1.4492334450311213E-002
 grads = 
  -1.4723312247685749E-002  -1.3555216498322652E-002  -1.5218136555977204E-002
   2.9969179957535959E-003  -2.9200424226731928E-002  -1.4603308689363588E-002
  -1.1776947177291086E-002  -1.4708031650075139E-002   1.4686946802790046E-002
  -1.4662031754035692E-002   2.8615191464610836E-003  -1.7510494999177374E-002
 laplacian =  -0.15971562764470007     
